//#rank wtime utime stime mtime pcomm gbyte gflop bytes_tx bytes_rx
4 99.9963257167326 89.9281689022938 80.2061253709377 100 100 0 = =
7 99.9947712122732 88.848916580681 80.6136569056399 98.0190760808848 100 0 = =
11 99.9950538494477 94.9412651797762 69.6694955247518 96.2657803597363 100 0 = =
8 99.9954778052093 86.029843638384 88.4671375208965 93.6592280192157 100 0 = =
6 99.9953364866221 92.2170410350028 75.2145639532558 92.6785415037426 100 0 = =
5 99.994629893686 89.4773394713866 81.4019244766879 91.9715674226343 100 0 = =
0 100 100 60.5138336759424 91.2942687967825 100 0 = =
9 99.9947712122732 89.6969997618859 80.8212220346982 90.3638559937437 100 0 = =
3 99.9944885750988 89.3517342646242 81.8354516441238 82.1563233158306 100 0 = =
2 99.994629893686 85.0724263830463 88.2983658745331 79.3594989386661 100 0 = =
10 99.9953364866221 81.5191681879514 97.4152342406476 77.2787258406882 100 0 = =
1 99.9949125308605 79.9232081911263 100 68.6805245223997 100 0 = =


