//#rank wtime utime stime mtime pcomm gbyte gflop bytes_tx bytes_rx
4 99.9960240544705 61.0326167706495 80.3892710179317 100 100 0 = =
11 99.7236717856965 99.0289536499984 70.5223320217463 95.3003703064142 100 0 = =
7 99.9970180408529 69.8048048256546 83.5379380478951 91.6936242061436 100 0 = =
0 99.9970180408529 93.6228652046585 71.0955971010637 88.8888888888889 100 0 = =
9 99.6222851746931 86.7644424572069 100 86.4233772712446 100 0 = =
6 99.7415635405795 100 82.0713062805995 86.0918283159692 100 0 = =
5 99.9960240544705 62.5295250579392 80.9960051662512 85.708474836432 100 0 = =
8 100 60.0711517445647 91.0920785579122 84.162781327347 100 0 = =
3 99.9970180408529 86.8641437698483 89.592835902871 81.1677123505823 100 0 = =
2 99.9980120272352 58.4873172431893 89.0036944703091 75.8410560448205 100 0 = =
10 99.6461408478704 57.571259360884 98.3891937816186 72.0428250733897 100 0 = =
1 99.8141245464937 71.9803207938335 94.1935456187701 67.492852894338 100 0 = =


